CALIBRACION IMU MPU-9250 - Apr 19 2026
Columnas: aX(g)  aY(g)  aZ(g)  |  gX(d/s)  gY(d/s)  gZ(d/s)
===============================================================

[ESCENARIO 1: POSICION CERO - quieto]
-0.086  0.083  0.875  |  -0.06  -1.28   0.79
-0.085  0.084  0.877  |  -0.06  -1.22   0.73
-0.084  0.083  0.879  |   0.00  -1.28   0.61
-0.085  0.086  0.881  |  -0.06  -1.34   0.61
-0.085  0.082  0.881  |   0.00  -1.34   0.73
-0.084  0.083  0.877  |   0.06  -1.28   0.67
-0.087  0.083  0.879  |   0.00  -1.34   0.73
-0.084  0.083  0.882  |   0.00  -1.28   0.67
-0.087  0.085  0.878  |  -0.12  -1.40   0.67
-0.088  0.083  0.880  |   0.06  -1.34   0.55
-0.086  0.085  0.880  |   0.06  -1.28   0.67
-0.087  0.083  0.883  |   0.00  -1.40   0.61
-0.086  0.084  0.883  |   0.06  -1.28   0.73
-0.086  0.086  0.877  |   0.00  -1.34   0.73

[ESCENARIO 2: GIRO 45 GRADOS AL OESTE]
-0.090  0.083  0.883  |  -0.06  -1.40   0.61
-0.087  0.083  0.882  |   0.18  -1.28   0.49
-0.097  0.083  0.884  |  -0.12  -1.53   0.73
-0.088  0.082  0.885  |   0.18  -1.28   0.55
-0.088  0.082  0.883  |   0.00  -1.34   0.61
-0.088  0.085  0.880  |   0.06  -1.34   0.73
-0.090  0.082  0.887  |   0.00  -1.28   0.61
-0.087  0.085  0.884  |   0.12  -1.40   0.73
-0.089  0.083  0.887  |   0.06  -1.28   0.61
-0.087  0.085  0.883  |   0.00  -1.40   0.67
-0.088  0.086  0.884  |   0.00  -1.40   0.55
-0.088  0.085  0.884  |   0.00  -1.34   0.61
-0.088  0.085  0.993  |   0.00  -1.28   0.67

[ESCENARIO 3: GIRO 90 GRADOS AL OESTE]
-0.111  0.038  0.896  |  -3.91   1.77  61.71
-0.054  0.098  0.887  |   0.55  -0.37  28.50
-0.102  0.082  0.883  |  -0.98  -2.01   0.73
-0.098  0.078  0.875  |  -0.85  -1.59   0.85
-0.095  0.071  0.892  |   0.00  -1.77   0.55
-0.096  0.067  0.878  |  -0.24  -1.28   0.79
-0.089  0.075  0.882  |   0.18  -1.04   0.73
-0.083  0.077  0.879  |  -0.06  -1.53   0.61
-0.083  0.082  0.887  |  -0.06  -1.16   0.55
-0.091  0.082  0.885  |   0.06  -1.46   0.55
-0.083  0.082  0.881  |  -0.12  -1.34   0.61
-0.091  0.081  0.883  |   0.00  -1.40   0.67
-0.085  0.081  0.883  |  -0.06  -1.46   0.67
-0.086  0.088  0.996  |   0.00  -1.28   0.61

[ESCENARIO 4: GIRO 45 GRADOS AL ESTE]
-0.093  0.080  0.884  |  -0.12  -1.40   0.61
-0.088  0.084  0.889  |   0.00  -1.40   0.55
-0.094  0.083  0.883  |  -0.06  -1.46   0.61
-0.092  0.081  0.878  |  -0.18  -1.40   0.67
-0.090  0.086  0.885  |  -0.12  -1.40   0.61
-0.089  0.082  0.885  |  -0.12  -1.46   0.73
-0.087  0.085  0.886  |  -0.12  -1.40   0.61
-0.090  0.083  0.885  |  -0.06  -1.34   0.55
-0.091  0.083  0.884  |  -0.12  -1.40   0.61
-0.090  0.085  0.886  |  -0.12  -1.34   0.55
-0.092  0.084  0.882  |  -0.06  -1.34   0.61
-0.093  0.084  0.882  |  -0.06  -1.34   0.61
-0.090  0.083  0.884  |  -0.18  -1.34   0.55
-0.090  0.083  0.885  |  -0.06  -1.28   0.55
-0.089  0.084  0.880  |  -0.06  -1.28   0.55

[ESCENARIO 5: GIRO 90 GRADOS AL ESTE]
-0.085  0.066  0.880  |   2.75  -3.97  -49.32
-0.092  0.082  0.886  |   2.87  -4.39  -49.50
-0.087  0.080  0.874  |   2.62  -3.54  -49.87
-0.122  0.047  0.902  |   2.56  -3.66  -50.78
-0.060  0.103  0.872  |   3.30  -4.09  -49.44
-0.093  0.108  0.872  |   1.95  -2.81  -33.57
-0.110  0.078  0.887  |   1.10  -2.62  -22.89
-0.103  0.150  0.876  |  -1.53  -2.08   -0.18
-0.073  0.112  0.879  |  -0.43  -1.28    0.98
-0.085  0.085  0.881  |  -0.61  -2.14    0.31
-0.064  0.075  0.877  |  -0.24  -1.71    0.67
-0.103  0.080  0.884  |  -0.43  -1.46    0.55
-0.070  0.055  0.880  |  -0.55  -1.95    0.43
-0.072  0.142  0.881  |   0.43  -2.44   -1.28
-0.071  0.071  0.978  |  -0.12  -2.08    0.55

===============================================================
ANALISIS gZ (eje de giro en plano horizontal):

  Posicion cero (quieto):   gZ ~  0.55 -  0.79 d/s  (ruido base)
  Giro 45 Oeste:            gZ ~  0.49 -  0.73 d/s  (muy similar al reposo - giro ya terminado)
  Giro 90 Oeste (en curso): gZ ~ 28.50 - 61.71 d/s  (pico positivo durante el giro)
  Giro 45 Este:             gZ ~  0.55 -  0.73 d/s  (muy similar al reposo - giro ya terminado)
  Giro 90 Este (en curso):  gZ ~ -49.87 - -33.57 d/s (pico negativo durante el giro)

CONCLUSION:
  gZ > 0  = giro hacia el Oeste (izquierda)
  gZ < 0  = giro hacia el Este  (derecha)
  |gZ| > 5 d/s = giro activo en curso
  |gZ| < 2 d/s = robot quieto (ruido base)

  Angulo acumulado = integral de gZ * dt
  Para control de heading usar: fabsf(gZ) * dt_s
===============================================================